[0;37;40m                       [0;5;36;40m8[0;5;34;40mX[0;5;36;40m8[0;1;30;44m8888888888[0;5;34;40m8[0;37;40m                       [0m
[0;37;40m                  [0;5;36;40m88X@@@[0;5;32;40m@S[0;1;30;46m8[0;5;36;40m;[0;5;34;44m%[0;5;37;40m:[0;5;34;44mt[0;5;37;40m:[0;5;36;44m%[0;5;35;40m:[0;5;36;44mX[0;5;35;40m.[0;36;44m8[0;5;36;40m:@S[0;1;30;42m8[0;5;36;40m@[0;37;40m                  [0m
[0;37;40m               [0;5;36;40m8[0;5;34;40m@[0;5;36;40m@@XX[0;5;32;40mS[0;1;30;42m8[0;5;33;40mt[0;1;30;46m88[0;5;36;40m;[0;5;34;44mX[0;5;37;40mt[0;1;30;46m8[0;1;30;45m8[0;5;36;44mS[0;5;35;40m:[0;5;35;44mS[0;5;36;40m.[0;5;34;44mX[0;5;37;40m;[0;1;30;46m8[0;5;33;40m%[0;5;32;42mX[0;5;33;40m;[0;5;32;42m8[0;5;33;40m;[0;1;30;42m8[0;5;36;40mS[0;37;40m               [0m
[0;37;40m            [0;5;32;40mS[0;5;36;40m8X[0;1;30;44m8[0;5;36;40mSXXX@X[0;1;30;46m88[0;5;36;40mt[0;5;34;44m8[0;5;35;40m:[0;5;36;44m8[0;1;30;45m8[0;5;36;44mX[0;5;36;40m;[0;1;30;46m8[0;5;35;44mX[0;5;36;40mt[0;1;30;46m8[0;5;35;40m:[0;1;30;46m8[0;5;36;40mt[0;1;30;46m8[0;1;30;43m8[0;5;36;42mS[0;5;33;40m.[0;5;33;42mS[0;5;33;40m.[0;5;32;42mX[0;5;33;40m;[0;1;30;42m8[0;5;36;40mX[0;37;40m            [0m
[0;37;40m          [0;5;36;40m8[0;1;30;42m8[0;5;36;40mS@[0;1;30;44m8[0;5;34;44m@[0;5;36;40m:[0;36;44m8[0;1;30;45m8[0;34;46m8[0;5;36;40mt[0;1;30;46m8[0;5;35;40mS[0;5;34;44mS[0;5;35;40m;[0;5;36;44m@[0;1;30;45m8[0;1;30;46m8[0;5;36;40mt;[0;1;30;46m8[0;5;33;40m;[0;1;30;46m8[0;5;36;40m;[0;1;30;46m8[0;5;36;40m;[0;1;30;46m8[0;5;33;42m%[0;1;30;43m8[0;5;36;42mS[0;5;33;40m.[0;5;33;42mX[0;5;36;40m [0;5;33;42mS[0;5;37;40m;[0;5;32;42mS[0;5;33;40m:[0;5;32;42m8[0;5;33;40m.[0;5;36;40m@[0;37;40m          [0m
[0;37;40m         [0;5;36;40mXXX@[0;5;34;44m8[0;5;35;40m.[0;1;34;45m8[0;1;30;46m8[0;5;35;44mS[0;1;30;46m8[0;5;35;44mX[0;34;45m8[0;5;36;44m8[0;5;35;40mt[0;5;36;44m8[0;1;30;45m8[0;1;30;46m88[0;5;33;40m [0;1;30;46m8[0;5;36;40m;[0;5;33;42m%[0;5;33;40m:[0;5;33;42m%[0;5;36;40m.[0;5;33;42mX[0;5;36;40m.[0;5;33;42m%[0;5;33;40m [0;5;36;42mS[0;5;33;40m.[0;5;33;42mX[0;5;37;40m%[0;5;36;42mX[0;5;33;40m [0;5;33;42mX[0;5;37;40m;[0;5;33;42mX[0;5;37;40m;[0;5;32;42m@[0;1;30;43m8[0;32;46m8[0;5;33;40mS[0;37;40m        [0m
[0;37;40m       [0;5;36;40m8[0;1;30;44m8[0;5;36;40mS[0;5;34;40m@[0;5;34;44m8[0;5;35;40mt[0;5;35;44m8[0;1;30;46m8[0;5;35;44m8[0;5;36;40mt[0;5;35;44m8[0;5;35;40mt[0;5;36;44m8[0;5;36;40m.%[0;1;30;46m8[0;1;30;45m8[0;5;36;44mX[0;5;36;40m.[0;1;30;46m8[0;1;32;43m8[0;1;30;46m8[0;5;36;40mt[0;1;30;46m8[0;5;33;42m@[0;5;36;40m [0;5;36;42mS[0;5;37;40mt[0;5;33;42mS[0;5;36;40m [0;5;33;42mS[0;5;37;40m%[0;5;33;42m@[0;5;36;40m.[0;5;33;42mX[0;5;33;40m [0;5;33;42mS[0;5;36;40m [0;5;36;42mX[0;5;33;40m [0;5;33;42mX[0;5;36;40m [0;5;36;42mX[0;1;30;43m8[0;32;46m8[0;5;33;40mS[0;37;40m       [0m
[0;37;40m      [0;1;30;44m8[0;35;44m8[0;1;34;46m8[0;34;45m8[0;1;30;46m8[0;1;34;45m8[0;1;30;46m8[0;5;35;44m8[0;1;30;46m8[0;5;35;44m8[0;1;30;46m8[0;5;34;44m8[0;5;35;40m:[0;5;36;44m8[0;5;36;40m.[0;1;30;46m8[0;5;36;40mt[0;1;30;46m8[0;5;36;40mt[0;1;30;46m8[0;5;36;40m.[0;1;30;46m8[0;5;36;40m:[0;1;32;46m8[0;1;30;43m8[0;1;30;46m8[0;5;33;42mS[0;5;33;40m [0;5;33;42mX[0;5;36;40m [0;5;36;42mS[0;5;33;40m [0;5;33;42mX[0;5;36;40m.[0;5;36;42mX[0;5;33;40m [0;5;33;42mS[0;5;37;40m%[0;5;33;42m@[0;5;33;40m [0;5;33;42mX[0;5;36;40m [0;5;33;42mX[0;5;37;40m;[0;5;33;42mS[0;5;33;40m:[0;5;32;42mS[0;5;36;40m [0;37;40m      [0m
[0;37;40m     [0;1;30;44m8[0;1;34;46m8[0;1;30;45m8[0;5;36;44m8[0;1;30;45m8[0;5;36;44mS[0;5;36;40m:[0;5;34;44mX[0;5;36;40m [0;5;34;44m@[0;5;36;40m [0;5;35;44m@[0;5;36;40m;[0;5;34;44mX[0;5;35;40m:[0;1;34;46m8[0;5;36;40m [0;1;30;46m8[0;5;36;40m:[0;5;33;42m@[0;5;36;40m:[0;5;33;42m%[0;5;33;40m [0;5;33;42mS[0;5;33;40m [0;5;33;42mt[0;5;33;40m.[0;5;33;42mX[0;5;37;40m;[0;5;36;42m@[0;1;30;43m8[0;5;33;40m.[0;5;33;42mt[0;5;37;40m%[0;1;30;46m8[0;1;32;43m8[0;5;36;40m.[0;1;30;46m8[0;5;33;42mX[0;5;36;40m.[0;5;36;42mX[0;5;37;40mt[0;5;36;42m@[0;5;33;40m [0;5;33;42mX[0;5;36;40m.[0;5;33;42mS[0;5;36;40m [0;5;32;42mX[0;5;33;40m:[0;5;36;40m8[0;37;40m    [0m
[0;37;40m    [0;1;30;44m8[0;1;30;45m8[0;5;36;44m8[0;5;35;40mt[0;5;34;44m8[0;5;36;40m:[0;5;35;44m@[0;5;36;40mt[0;5;35;44m8[0;1;30;46m8[0;1;34;45m8[0;1;30;46m8[0;5;35;44m8[0;5;36;40mt;[0;1;30;46m8[0;1;30;45m8[0;1;30;46m8[0;5;33;42mS[0;5;33;40m.[0;5;36;42mX[0;5;33;40m.[0;1;30;46m8[0;5;33;42m%[0;5;37;40m;[0;5;33;42mX[0;5;37;40mt[0;5;33;42mX[0;5;36;40m.[0;1;30;46m8[0;5;36;40m [0;1;32;46m8[0;1;30;43m8[0;1;32;46m8[0;5;36;40m [0;1;30;46m8[0;5;36;40m.[0;5;33;42m.[0;5;37;40m%[0;1;32;43m8[0;1;30;46m8[0;1;30;43m8[0;5;33;42mX[0;5;33;40m [0;5;33;42mS[0;5;36;40m [0;5;36;42mS[0;5;37;40mt[0;5;33;42m@[0;5;36;40m [0;5;32;42mS[0;5;33;40m%[0;37;40m    [0m
[0;37;40m   [0;1;30;44m8[0;5;36;44m8[0;5;35;40m%[0;5;34;44m@[0;5;36;40m.[0;5;36;44m@[0;5;35;40m;[0;5;36;44m@[0;5;35;40mt[0;5;36;44m8[0;1;30;45m8[0;1;34;46m8[0;1;30;45m8[0;1;34;46m8[0;5;36;40m;[0;1;30;46m8[0;5;36;40m:[0;1;32;46m8[0;5;33;40m [0;1;30;46m8[0;5;36;40m:;[0;1;30;46m8[0;5;36;40m [0;1;30;46m8[0;5;36;40m.[0;5;36;42m@[0;5;33;40m;[0;1;30;46m88[0;5;36;40m:[0;1;30;46m8[0;5;36;40m.[0;1;30;46m8[0;5;33;40m.[0;5;33;42m%[0;5;36;40m.[0;1;30;46m8[0;5;36;40m [0;1;30;46m8[0;5;33;42mX[0;1;30;43m8[0;5;36;42mS[0;5;37;40m;[0;5;33;42mX[0;5;36;40m [0;5;36;42mS[0;5;33;40m.[0;5;33;42mX[0;5;36;40m [0;5;33;42mX[0;5;37;40mt[0;5;32;42m@[0;5;33;40m:[0;37;40m   [0m
[0;37;40m  [0;1;30;44m8[0;1;30;45m8[0;5;36;44m8[0;5;35;40m%[0;5;36;44m8[0;1;30;45m8[0;5;36;44m8[0;1;30;45m8[0;5;36;44m8[0;1;30;45m8[0;5;36;44m8[0;5;35;40m%[0;5;34;44m@[0;5;36;40m;[0;5;35;44m@[0;5;36;40m%[0;1;30;46m8[0;5;33;40m.[0;5;36;40m;[0;1;30;46m8[0;5;35;44m8[0;1;30;46m88[0;5;35;40m:[0;1;30;46m8[0;5;36;40m;[0;1;30;46m8[0;5;37;40mt[0;1;30;46m8[0;5;36;40m.[0;1;30;46m8[0;5;36;40m.[0;1;30;46m8[0;5;36;40m.[0;5;33;42m%[0;5;36;40m [0;1;30;46m8[0;1;32;43m8[0;1;30;46m8[0;5;36;40m;:[0;5;36;42mX[0;5;33;40m [0;5;33;42mX[0;5;36;40m.[0;5;36;42mX[0;5;33;40m.[0;1;32;43m8[0;5;36;40m [0;5;36;42mS[0;5;37;40m;[0;5;36;42m@[0;5;33;40m;[0;1;32;43m8[0;1;30;46m8[0;1;30;43m8[0;37;40m  [0m
[0;37;40m  [0;1;30;44m8[0;1;34;46m8[0;1;30;45m8[0;5;34;44m@[0;5;36;40m [0;5;34;44mX[0;5;35;40m [0;5;34;44mX[0;5;35;40m [0;5;34;44mX[0;5;35;40m.[0;5;34;44mX[0;5;36;40m [0;5;34;44mS[0;5;36;40m.[0;1;30;46m8[0;1;32;43m8[0;1;30;46m8[0;5;36;40m:[0;5;33;42mX[0;5;36;40m.;[0;1;30;46m8[0;5;35;44mX[0;1;30;46m8[0;5;35;44mX[0;5;36;40m;[0;1;30;46m8[0;5;36;40m%[0;1;30;46m8[0;5;36;40m;[0;1;30;46m8[0;5;36;40m;[0;1;32;46m8[0;5;33;40m.[0;5;33;42m:[0;1;30;43m8[0;1;30;46m8[0;5;36;40m [0;5;36;42mt[0;1;30;43m8[0;5;36;42m@[0;1;30;43m8[0;1;30;46m8[0;5;33;42m%[0;5;37;40mX[0;5;33;42mX[0;5;36;40m.[0;5;33;42mt[0;5;37;40m%[0;5;33;42m@[0;5;33;40m.[0;5;33;42mS[0;5;36;40m.[0;5;32;42mt[0;5;36;40m:8[0;37;40m [0m
[0;37;40m [0;1;30;44m8[0;1;30;45m8[0;5;34;44m8[0;5;36;40mt[0;5;36;44m8[0;1;30;45m8[0;1;30;46m8[0;5;35;44mX[0;5;36;40m.[0;5;36;44mX[0;5;35;40m:[0;5;36;44m@[0;5;35;40m.[0;1;34;46m8[0;5;37;40mX[0;1;30;46m8[0;5;33;42m@[0;5;36;40m.[0;5;33;42mt[0;5;36;40m [0;5;36;42mX[0;1;30;43m8[0;5;36;42mS[0;5;37;40mt[0;5;36;40m%t[0;1;34;46m8[0;5;35;40m.[0;1;30;46m8[0;1;34;45m8[0;1;30;46m8[0;5;35;44m8[0;1;30;46m8[0;5;36;40m:[0;5;33;40m [0;5;33;42mt[0;1;30;47m8[0;5;32;42mX[0;1;30;43m8[0;5;36;42m%[0;5;37;40mX[0;1;30;46m8[0;1;32;43m8[0;1;30;46m8[0;5;33;42m%[0;5;33;40m [0;5;33;42m@[0;5;36;40m.[0;5;36;42mS[0;5;33;40m [0;5;33;42m@[0;5;36;40m.[0;5;33;42mS[0;5;36;40m [0;1;30;46m8[0;1;30;43m8[0;5;36;42mX[0;5;36;40m;[0;37;40m [0m
[0;37;40m [0;1;30;44m8[0;1;34;46m8[0;5;35;40m;[0;5;34;44mX[0;5;35;40m [0;5;34;44m%[0;5;35;40m:[0;5;36;44m@[0;1;30;45m8[0;1;34;46m8[0;1;30;45m8[0;1;30;46m8[0;5;36;40m .[0;5;32;42mX[0;1;30;43m8[0;1;32;46m8[0;1;30;43m8[0;5;36;42m@[0;1;30;43m8[0;1;30;46m8[0;5;33;42m%[0;5;37;40mt[0;5;32;42mX[0;5;36;40m ;[0;1;30;43m8[0;1;30;46m8[0;5;33;40m;[0;5;36;42mX[0;5;33;40m.[0;5;33;42m@[0;5;36;40m.[0;1;30;46m8[0;5;33;42mS[0;5;36;40m [0;5;33;42m8[0;5;36;40m:[0;5;36;42mS[0;5;33;40m [0;5;36;40m%t[0;1;30;46m8[0;5;37;40mt[0;5;36;40m.[0;1;30;46m8[0;5;36;40m.[0;1;30;46m8[0;1;30;43m8[0;5;36;42mX[0;5;37;40mt[0;5;33;42mX[0;5;36;40m.[0;5;33;42mt[0;5;36;40m:[0;1;30;46m8[0;5;36;40m [0;1;30;46m8[0;37;40m [0m
[0;5;36;40m8[0;34;45m8[0;1;30;46m8[0;5;35;44mX[0;5;36;40m [0;5;35;44mX[0;5;36;40m:[0;5;34;44mS[0;5;35;40m [0;5;34;44mX[0;5;35;40m:[0;5;34;44mS[0;5;36;40m [0;5;36;42m@[0;1;30;43m8[0;1;30;46m8[0;5;33;42mS[0;5;33;40m [0;5;33;42mS[0;5;37;40mt[0;5;33;42m%[0;5;33;40m.[0;1;32;43m8[0;5;36;40m:[0;5;33;42mX[0;5;36;40m:[0;5;32;42m.[0;5;36;40m:[0;5;32;42m:[0;5;33;40m:[0;5;33;42m@[0;5;36;40m.[0;5;36;42m@[0;1;30;43m8[0;1;30;46m8[0;5;36;40m.[0;1;30;46m8[0;5;36;40m:[0;5;33;42m%[0;5;37;40m%[0;5;33;42mS[0;5;36;40m:[0;1;30;46m8[0;5;36;40m:[0;5;32;42mS[0;5;37;40m@[0;1;30;46m88[0;5;36;40m;[0;5;36;44mX[0;5;37;40m@[0;1;30;46m8[0;1;30;43m8[0;5;36;42mX[0;5;37;40m8[0;5;34;44m@[0;5;36;40m:[0;1;30;46m8[0;5;36;40m;8[0m
[0;5;36;40m@[0;36;44m8[0;1;34;45m8[0;5;36;40mt[0;5;34;44mX[0;5;36;40m.[0;5;36;44mX[0;5;35;40m:[0;5;35;44m@[0;5;36;40m:[0;5;36;44mX[0;5;37;40m8[0;5;36;40m%[0;1;32;43m8[0;1;30;46m8[0;5;33;42mS[0;5;37;40m%[0;5;33;42mX[0;5;36;40m [0;5;36;42mX[0;5;33;40m.[0;5;33;42m%[0;5;36;40m.[0;5;36;42m%[0;5;37;40m%[0;5;33;42mS[0;5;37;40m:[0;5;33;42mS[0;5;37;40m;[0;5;33;42mS[0;5;36;40m [0;5;33;42mS[0;5;37;40m;[0;5;32;42mt[0;5;33;40m.[0;1;32;46m8[0;5;36;40m [0;1;30;46m8[0;1;30;43m8[0;5;36;42mX[0;5;33;40m.[0;5;33;42m;[0;1;30;43m8[0;5;36;42mS[0;5;33;40m [0;1;30;46m8[0;5;36;40m;[0;5;34;44mS[0;1;30;45m8[0;1;30;46m8[0;35;44m8[0;1;30;46m88[0;1;30;43m8[0;1;30;46m8[0;5;36;40mt[0;5;34;44m;[0;1;30;45m8[0;1;30;46m8[0;1;34;44m8[0m
[0;5;36;40mSt[0;5;34;44m8[0;5;35;40m [0;5;36;44m@[0;1;30;45m8[0;1;34;46m8[0;1;30;45m8[0;1;34;46m8[0;1;30;45m8[0;34;46m8[0;5;36;40m;[0;5;32;42m@[0;5;37;40m;[0;5;33;42mS[0;5;33;40m [0;5;33;42mX[0;5;36;40m [0;5;33;42mS[0;5;37;40mt[0;5;33;42mX[0;5;37;40m%[0;5;33;42mX[0;5;36;40m [0;5;33;42mX[0;5;36;40m.[0;5;33;42mS[0;5;36;40m [0;5;36;42mX[0;5;33;40m [0;5;33;42mS[0;5;36;40m [0;5;33;42mX[0;5;37;40m%[0;5;33;42mS[0;5;37;40mt[0;1;30;46m88[0;5;36;40m;[0;5;33;40m.[0;5;33;42m%[0;5;37;40mt[0;5;36;42mX[0;5;33;40m.[0;5;36;40m:[0;1;30;46m8[0;1;30;45m8[0;1;34;46m8[0;5;35;44m8[0;1;30;46m8[0;5;35;44mX[0;5;36;40m;[0;1;30;46m88[0;5;36;40mt[0;5;36;44m8[0;5;35;40m;[0;5;34;44m%[0;5;36;40m.t[0m
[0;5;32;40m@[0;5;36;40m%[0;5;35;44m8[0;5;36;40mt[0;5;35;44m8[0;1;30;46m8[0;1;34;45m8[0;1;30;46m8[0;5;35;44m@[0;1;30;46m8[0;5;35;44m@[0;5;36;40m.[0;1;32;43m8[0;1;30;46m8[0;1;32;43m8[0;5;36;40m:[0;5;36;42mX[0;5;33;40m [0;5;33;42m@[0;5;36;40m:[0;5;36;42m@[0;5;33;40m;[0;5;36;42m@[0;5;33;40m:[0;5;36;42m@[0;5;33;40m:[0;5;36;42m@[0;1;30;43m88[0;5;36;42m%[0;5;37;40m%[0;5;36;42m@[0;5;33;40m [0;5;33;42mX[0;5;36;40m.[0;5;33;42m%[0;5;33;40m;[0;1;30;46m88[0;5;36;40m;[0;1;30;46m8[0;1;32;43m8[0;5;36;40m [0;1;30;46m88[0;5;35;44m@[0;1;30;46m8[0;1;30;45m8[0;5;36;44m8[0;1;30;45m8[0;1;34;46m8[0;1;34;45m8[0;1;30;46m8[0;5;36;40m;%;[0;5;34;44mX[0;5;36;40m [0;1;30;46m8[0;5;36;40mS[0m
[0;5;32;40mX[0;1;30;46m88[0;5;35;44mX[0;5;36;40m;[0;5;34;44mX[0;5;35;40m.[0;5;34;44mX[0;5;35;40m.[0;5;35;44mX[0;5;36;40mt[0;1;30;46m8[0;5;36;40m:[0;5;33;42mS[0;5;36;40m [0;5;33;42m%[0;5;37;40m%[0;5;33;42mX[0;5;36;40m.[0;5;33;42mS[0;5;33;40m [0;5;33;42mS[0;5;33;40m [0;5;33;42mS[0;5;33;40m [0;5;33;42mS[0;5;37;40m%[0;5;36;42m%[0;5;36;40m [0;5;33;42m@[0;5;36;40m [0;5;33;42mX[0;5;36;40m [0;5;36;42mX[0;5;33;40m:[0;5;33;42mX[0;5;33;40m.[0;5;33;42mt[0;5;33;40m [0;1;30;46m8[0;5;36;40m.[0;1;30;46m88[0;5;36;40m.[0;5;36;44m@[0;5;35;40m;[0;5;34;44m%[0;5;36;40m;[0;5;34;44m@[0;5;36;40m:[0;5;35;44m8[0;1;30;46m8[0;5;35;44m8[0;1;30;46m8[0;5;34;44m@[0;5;35;40m [0;5;35;44m8[0;1;30;46m8[0;5;35;44m%[0;5;36;40m;[0m
[0;5;32;40m8[0;5;36;40m;%[0;5;34;44m8[0;5;35;40m.[0;5;35;44m@[0;1;30;46m8[0;1;34;45m8[0;1;30;46m8[0;5;35;44m8[0;1;30;46m8[0;5;35;44m@[0;1;30;46m8[0;5;36;40m [0;5;36;42mS[0;5;33;40m [0;5;33;42mX[0;5;36;40m.[0;5;36;42mS[0;5;37;40m%[0;5;33;42m@[0;5;36;40m [0;5;33;42mS[0;5;37;40m%[0;5;33;42mX[0;5;36;40m [0;5;33;42m@[0;5;36;40m [0;5;36;42m%[0;5;37;40mt[0;5;33;42mX[0;5;36;40m [0;5;33;42mS[0;5;37;40mt[0;5;33;42mX[0;5;36;40m.[0;5;36;42m%[0;5;33;40m [0;5;33;42m;[0;1;30;43m8[0;1;32;46m8[0;5;33;40m [0;1;30;46m8[0;5;36;40m.[0;1;34;45m8[0;1;30;46m8[0;1;34;45m8[0;1;30;46m8[0;1;34;45m8[0;1;30;46m8[0;5;35;44m8[0;5;36;40mt[0;5;34;44m8[0;5;35;40m;[0;5;35;44m8[0;1;30;46m8[0;5;35;44m8[0;5;35;40m;[0;5;34;44m8[0;5;36;40mt[0m
[0;37;40m [0;5;32;40m@[0;5;36;40m;[0;1;30;46m88[0;1;34;45m8[0;1;30;46m8[0;5;35;44m8[0;5;36;40mt[0;5;34;44m8[0;5;35;40m;[0;5;36;44m8[0;5;35;40m:[0;1;30;46m8[0;5;36;40m [0;1;30;46m8[0;5;36;40m:[0;1;30;46m8[0;5;36;40m [0;1;30;46m8[0;5;36;40m:[0;1;32;46m8[0;5;33;40m:[0;5;33;42mX[0;5;36;40m.[0;5;36;42mS[0;5;37;40mt[0;5;33;42mX[0;5;33;40m [0;5;33;42mX[0;5;36;40m.[0;5;36;42mS[0;5;33;40m [0;5;33;42mX[0;5;36;40m.[0;5;33;42mS[0;5;37;40m%[0;5;33;42mX[0;5;37;40mt[0;5;36;42mS[0;1;30;43m8[0;5;33;42m%[0;5;36;40m [0;1;34;46m8[0;5;35;40m;[0;5;34;44mS[0;5;36;40m:[0;5;34;44mS[0;5;36;40m [0;5;34;44mX[0;5;36;40m.[0;5;34;44mX[0;5;35;40m [0;5;36;44mX[0;5;35;40m:[0;5;34;44m@[0;5;36;40m:[0;5;36;44mX[0;5;35;40m.[0;37;40m [0m
[0;37;40m [0;5;32;40mX[0;5;33;42m@[0;5;36;40m [0;1;30;46m8[0;1;34;45m8[0;1;30;46m8[0;5;35;44m8[0;5;36;40mt[0;5;35;44m@[0;5;36;40mt[0;5;35;44m8[0;1;30;46m8[0;5;35;44m%[0;1;30;45m8[0;5;36;44mX[0;5;35;40m.[0;5;36;44mX[0;1;30;45m8[0;5;36;44m@[0;5;35;40m [0;5;36;40m:[0;1;30;46m8[0;5;36;40m.[0;5;33;42mS[0;5;37;40m;[0;5;33;42m@[0;5;36;40m.[0;5;36;42mX[0;5;33;40m [0;5;33;42mS[0;5;37;40m%[0;5;33;42m@[0;5;36;40m.[0;5;36;42mS[0;5;37;40m%[0;5;33;42m8[0;5;36;40m;[0;5;33;42m@[0;5;36;40m [0;1;30;46m8[0;5;36;40m.[0;1;34;46m8[0;1;30;45m8[0;5;36;44mX[0;5;35;40m:[0;5;34;44mX[0;5;37;40m;[0;5;34;44mX[0;5;35;40m [0;5;35;44mX[0;5;36;40m.[0;5;35;44mX[0;5;36;40m.[0;5;34;44mX[0;5;37;40m;[0;5;34;44mX[0;5;35;40m.[0;5;34;44mX[0;37;40m [0m
[0;37;40m [0;5;32;40m8[0;5;36;40m%[0;5;33;42m@[0;5;36;40m;[0;1;34;46m8[0;1;30;45m8[0;5;36;44m8[0;5;35;40m%[0;5;36;44m8[0;1;30;45m8[0;5;36;44m8[0;1;30;45m8[0;5;36;44m8[0;5;36;40m;[0;5;35;44m@[0;1;30;46m8[0;1;34;45m8[0;1;30;46m8[0;1;34;45m8[0;5;36;44m8[0;1;34;45m8[0;1;30;46m8[0;5;33;40m.[0;5;36;42mX[0;5;33;40m:[0;5;36;42m@[0;1;30;43m88[0;5;36;42mS[0;5;37;40mt[0;5;33;42m8[0;1;30;46m8[0;1;32;43m8[0;5;36;40m.[0;1;30;46m8[0;1;32;43m8[0;1;30;46m8[0;1;32;43m8[0;1;30;46m88[0;1;34;45m8[0;1;30;46m8[0;5;35;44m@[0;5;36;40m;[0;5;34;44mX[0;5;37;40m;[0;5;34;44m@[0;5;37;40mt[0;5;34;44m@[0;5;36;40m.[0;5;36;44mX[0;5;35;40m.[0;5;34;44mX[0;5;37;40m;[0;5;34;44m@[0;5;37;40mt[0;5;35;44m8[0;5;36;40m%[0;37;40m [0m
[0;37;40m  [0;5;32;40mX[0;1;30;46m8[0;5;36;40m;[0;5;35;44m8[0;1;30;46m8[0;1;34;45m8[0;34;46m8[0;1;30;45m8[0;5;36;44m@[0;5;35;40mt[0;5;34;44m@[0;5;35;40m:[0;5;34;44mS[0;5;36;40m.[0;5;34;44mX[0;5;36;40m.[0;5;34;44mS[0;5;36;40m t[0;5;36;44m8[0;5;36;40m [0;1;30;46m8[0;1;30;43m8[0;5;36;42mS[0;5;33;40m.[0;5;36;42mt[0;5;37;40m;[0;5;33;42m@[0;5;36;40m;[0;5;33;42m8[0;5;36;40m.[0;1;32;46m8[0;5;37;40m;[0;5;33;42m@[0;5;36;40m;[0;5;33;42mX[0;5;36;40m;[0;5;35;44mX[0;5;36;40m;[0;5;36;44m@[0;1;30;45m8[0;1;34;46m8[0;1;30;45m8[0;1;30;46m8[0;5;35;44m@[0;5;36;40m:[0;5;34;44m@[0;5;37;40mt[0;5;34;44m@[0;5;35;40m [0;5;35;44mX[0;5;36;40m:[0;5;36;44m@[0;5;35;40m;[0;5;34;44m@[0;5;36;40m:[0;37;40m  [0m
[0;37;40m   [0;5;32;40mS[0;1;30;46m8[0;5;36;40mt[0;5;34;44m@[0;5;36;40m.[0;5;34;44m%[0;5;36;40m:[0;5;34;44m@[0;5;36;40m.[0;5;36;44m@[0;5;35;40m;[0;5;36;44m8[0;1;30;45m8[0;1;34;46m8[0;1;30;45m8[0;1;34;46m8[0;1;34;45m8[0;1;30;46m8[0;1;34;45m8[0;1;30;46m8[0;5;36;40mt[0;1;30;46m8[0;1;30;43m8[0;5;36;42mX[0;5;33;40m.[0;5;33;42mS[0;5;36;40m [0;5;36;42mS[0;5;37;40m;[0;5;33;42mX[0;5;36;40m [0;5;36;42m@[0;5;33;40m.[0;5;33;42mX[0;5;36;40m.[0;1;34;46m8[0;5;35;40m:[0;5;34;44mS[0;5;35;40m [0;5;34;44mX[0;5;35;40m.[0;5;34;44mt[0;5;35;40m:[0;5;36;44m@[0;5;35;40mt[0;5;36;44m8[0;5;35;40mt[0;5;35;44m8[0;1;30;46m8[0;1;34;45m8[0;1;30;46m8[0;1;34;45m8[0;1;30;46m8[0;1;30;45m8[0;37;40m   [0m
[0;37;40m    [0;5;36;40m@[0;1;30;44m8[0;1;30;45m8[0;5;36;44mX[0;5;35;40m.[0;5;35;44mX[0;5;36;40m:[0;5;34;44mS[0;5;35;40m.[0;5;35;44mX[0;5;36;40m:[0;5;34;44mX[0;5;35;40m.[0;5;34;44mS[0;5;35;40m [0;5;34;44m@[0;5;35;40m;[0;5;34;44mX[0;1;30;45m8[0;5;34;44m%[0;5;36;40m.[0;1;30;46m8[0;1;30;43m8[0;5;36;42m%[0;5;37;40mS[0;5;33;42m@[0;5;33;40m [0;5;33;42mX[0;5;36;40m.[0;5;33;42m@[0;5;37;40m;[0;1;30;46m8[0;1;30;43m8[0;1;32;46m8[0;5;37;40mt[0;5;34;44m8[0;5;37;40m;[0;5;35;44m@[0;5;36;40m:[0;1;34;46m8[0;1;30;45m8[0;5;36;44m@[0;1;30;45m8[0;5;36;44m8[0;1;30;45m8[0;5;36;44m8[0;5;35;40m:[0;5;34;44mX[0;5;36;40m:[0;5;34;44mX[0;5;35;40m.[0;5;34;44mt[0;5;36;40mX[0;37;40m   [0m
[0;37;40m     [0;1;30;44m8[0;1;34;46m8[0;1;30;45m8[0;5;36;44m@[0;5;36;40m.[0;5;34;44mX[0;5;37;40mt[0;5;34;44m@[0;5;36;40m.[0;5;34;44mX[0;5;37;40m;[0;5;34;44mX[0;5;37;40mt[0;5;35;44m8[0;5;36;40m;[0;5;34;44mX[0;5;36;40m [0;5;36;44mX[0;5;36;40m [0;1;30;46m8[0;5;33;42m%[0;5;37;40m;[0;1;32;43m8[0;1;30;46m8[0;1;32;43m8[0;1;30;46m8[0;1;32;43m8[0;1;30;46m8[0;1;32;43m8[0;1;32;46m8[0;1;30;43m8[0;5;36;42m%[0;5;33;40m [0;5;36;40mt[0;1;30;46m8[0;5;36;40m;[0;1;30;46m8[0;5;36;40m:[0;1;30;46m8[0;5;35;44m@[0;5;36;40m;[0;5;34;44m@[0;5;35;40m.[0;5;36;44m@[0;1;30;45m8[0;5;36;44m8[0;5;35;40m:[0;5;35;44mX[0;5;36;40m:[0;5;34;44mX[0;5;35;40m.[0;37;40m    [0m
[0;37;40m      [0;1;30;44m8[0;1;30;46m8[0;5;35;44m8[0;5;36;40m;[0;5;35;44m8[0;1;30;46m8[0;1;30;45m8[0;5;36;44mX[0;5;35;40m.[0;5;35;44m@[0;5;36;40m:[0;5;36;44m8[0;5;35;40m:[0;5;36;44mX[0;5;35;40m.[0;5;35;44mX[0;5;36;40m:[0;5;36;44mX[0;5;33;40m.[0;1;32;43m8[0;1;30;46m8[0;5;33;42mX[0;5;33;40m [0;5;33;42mS[0;5;37;40m:[0;5;36;42mX[0;1;30;43m8[0;1;30;46m8[0;1;32;43m8[0;1;30;46m8[0;5;37;40m@[0;1;30;46m8[0;5;34;44m8[0;5;35;40m:[0;1;30;46m8[0;5;36;40m.[0;1;30;46m8[0;1;34;45m8[0;1;30;46m8[0;5;35;44m8[0;5;36;40m;[0;5;34;44mX[0;5;35;40m [0;5;34;44m@[0;5;35;40m.[0;5;36;44mX[0;5;35;40m.[0;5;36;44mX[0;5;35;40m;[0;37;40m     [0m
[0;37;40m       [0;1;30;44m8[0;5;36;40m%[0;5;34;44mS[0;5;36;40m.[0;5;34;44m%[0;5;36;40m:[0;5;35;44m@[0;1;30;46m8[0;5;35;44m8[0;5;36;40mt[0;5;35;44m8[0;1;30;46m8[0;1;34;45m8[0;1;30;46m8[0;5;35;44m8[0;5;36;40mt[0;5;35;40mt[0;1;34;46m8[0;5;36;40m [0;5;33;42mX[0;5;37;40m%[0;5;36;42mX[0;5;33;40m.[0;5;33;42mS[0;5;37;40mt[0;5;33;42m%[0;5;33;40m.[0;5;33;42mS[0;5;36;40m.[0;1;30;46m8[0;1;34;45m8[0;5;36;40mt[0;1;30;46m8[0;5;36;40m.[0;1;30;46m88[0;5;35;44m8[0;5;36;40m%[0;5;34;44m8[0;5;36;40m [0;5;35;44m8[0;1;30;46m8[0;1;30;45m8[0;5;36;44mX[0;5;35;40mt[0;5;34;44m@[0;37;40m       [0m
[0;37;40m        [0;1;30;44m8[0;5;35;40mt[0;5;34;44mX[0;5;35;40m [0;5;36;44mX[0;5;35;40m:[0;5;34;44m@[0;5;36;40m.[0;5;34;44mX[0;5;36;40m.[0;5;34;44mX[0;5;35;40m.[0;5;34;44mX[0;5;36;40m.[0;5;34;44mt[0;5;36;40m;[0;5;35;44m@[0;1;30;46m8[0;5;36;40m.[0;5;33;42m@[0;5;33;40m [0;5;33;42mS[0;5;36;40m [0;5;33;42mX[0;5;36;40m [0;5;36;42m%[0;5;37;40mt[0;5;34;44m@[0;5;36;40m:[0;5;34;44mX[0;5;36;40m:[0;5;36;44m@[0;5;36;40m:[0;5;35;44m@[0;5;36;40mt[0;5;34;44m@[0;5;35;40m.[0;5;36;44m@[0;5;35;40m:[0;5;36;44m@[0;1;30;45m8[0;5;36;44mX[0;5;35;40m;[0;1;34;44m8[0;37;40m        [0m
[0;37;40m          [0;1;30;44m8[0;34;45m8[0;1;30;46m8[0;5;35;44mX[0;5;36;40m.[0;5;36;44mX[0;5;35;40m:[0;5;35;44mX[0;5;36;40m:[0;5;34;44mX[0;5;37;40m;[0;5;34;44mX[0;5;35;40m [0;5;34;44mS[0;5;36;40m [0;5;36;44m8[0;5;36;40m.[0;1;30;46m8[0;1;30;43m8[0;1;32;46m8[0;1;30;43m8[0;1;30;46m8[0;5;36;40m.[0;1;30;46m8[0;1;30;45m8[0;1;34;46m8[0;1;30;45m8[0;1;34;46m8[0;1;30;45m8[0;5;36;44m8[0;5;35;40m;[0;5;36;44m8[0;1;30;45m8[0;1;34;46m8[0;1;30;45m8[0;5;36;44m8[0;1;30;45m8[0;5;36;44m8[0;5;35;40m;[0;5;34;44m8[0;37;40m          [0m
[0;37;40m            [0;1;30;44m8[0;5;36;40m%[0;5;34;44mX[0;5;35;40m:[0;5;34;44mX[0;5;36;40m.[0;5;36;44mX[0;5;35;40m.[0;5;35;44m@[0;5;36;40m:[0;5;36;44mX[0;5;35;40m.[0;5;35;44mX[0;5;36;40m.[0;5;34;44mX[0;5;36;40m.[0;1;30;46m8[0;5;36;40m:[0;1;30;46m888[0;5;35;44mS[0;1;30;46m8[0;5;35;44m@[0;1;30;46m8[0;5;35;44m@[0;5;36;40mt[0;5;35;44m@[0;5;36;40m%[0;5;34;44m@[0;5;36;40m.[0;5;35;44m@[0;1;30;46m8[0;1;34;45m8[0;1;30;46m8[0;34;45m8[0;37;40m            [0m
[0;37;40m               [0;1;30;44m8[0;5;36;40m:[0;5;34;44mS[0;5;35;40m.[0;5;35;44mX[0;1;30;46m8[0;1;34;45m8[0;5;36;40m;[0;5;34;44mS[0;5;36;40m [0;5;36;44mX[0;5;35;40m.[0;5;34;44m%[0;5;36;40m [0;5;34;44m;[0;5;35;40m:[0;5;35;44mt[0;5;35;40m;[0;5;35;44m@[0;5;36;40m;[0;5;35;44m8[0;5;36;40mt[0;5;34;44m@[0;5;35;40m:[0;5;34;44m@[0;5;35;40m.[0;5;35;44m@[0;1;30;46m8[0;5;35;44m8[0;5;36;40m%[0;37;40m               [0m
[0;37;40m                  [0;1;30;44m8[0;5;36;40m%[0;5;34;44m@[0;5;36;40m:[0;5;34;44mS[0;5;37;40m;[0;5;34;44m@[0;5;35;40m.[0;5;35;44mX[0;5;36;40m.[0;5;36;44mS[0;5;35;40m:[0;5;34;44m%[0;5;36;40m [0;5;36;44mX[0;5;35;40m:[0;5;34;44mS[0;5;36;40m:[0;5;34;44mX[0;5;35;40m [0;5;36;44mX[0;5;35;40m:[0;5;36;44mX[0;5;35;40mt[0;37;40m                  [0m
[0;37;40m                       [0;1;30;44m8[0;5;35;40m%[0;1;34;44m8[0;5;36;40m;[0;5;34;44mX[0;5;35;40m [0;5;35;44mX[0;5;36;40m.[0;5;34;44mS[0;5;35;40m [0;5;34;44mX[0;5;36;40m [0;1;34;44m8[0;5;35;40m.[0;37;40m                       [0m
