[0;5;37;47m   ;;t:  :;t;  .;t;.. ;t%X8[0;1;37;47m8[0;5;37;43m8[0;1;37;47mX[0;5;37;43m8[0;1;37;47mS88[0;5;37;47mSStt. .:t;:  :;t;   t;t   [0m
[0;5;37;47m::::::::::::::::::::;S[0;1;37;47m8[0;5;37;43m@8X[0;5;1;31;43m8[0;5;37;43m@[0;5;1;31;43m8[0;5;37;43m8[0;5;1;31;43m8@X[0;5;37;43m%[0;5;1;31;43m8[0;5;37;43m88[0;1;33;47mS[0;5;37;47m8%::::::::::::::::::;:[0m
[0;5;37;47m;tt.  :tt:. .tt;..:[0;1;37;47m8[0;5;37;43m@X[0;5;1;31;43m88[0;5;1;33;41m88[0;5;1;31;43m8[0;5;1;33;41m8[0;5;1;31;43m8[0;5;1;33;41m8[0;1;33;47m8[0;5;1;33;41m88[0;5;1;31;43m88[0;5;1;33;41m8[0;5;1;31;43m8[0;5;37;43m8[0;5;1;31;43m8[0;5;37;43m8[0;1;37;47m;[0;5;37;47mS..:t;;  .ttt . t;t[0m
[0;5;37;47m...:;;:..:;;:..:t[0;1;37;47m8[0;5;37;43mX[0;5;1;31;43m@[0;5;37;43m8[0;5;1;33;41mX[0;5;37;43m8[0;5;1;33;41m@[0;1;33;47m8[0;5;1;33;41m8[0;1;33;47m8[0;5;1;33;41m8[0;1;33;47m8[0;5;1;33;41m@8[0;5;37;43m8[0;5;1;33;41m8[0;1;33;47m8[0;5;1;33;41m@[0;1;33;47m8[0;5;1;33;41m@8[0;5;37;43m8[0;5;1;33;41m8[0;5;1;31;43mX[0;5;37;43m8[0;1;33;47mX[0;5;37;47m@::..;;:...;;;...[0m
[0;5;37;47m  .:t;:. :;t; .%[0;5;37;43m8X[0;5;1;33;41m8[0;5;37;43m8[0;5;1;33;41mS88[0;5;37;43m8[0;5;1;33;41mX[0;5;1;31;43m8[0;5;1;33;41m8[0;5;37;41m8[0;5;1;31;43m88[0;5;37;41m8[0;5;1;31;43m8[0;5;1;33;41m88[0;5;37;43m8[0;5;1;33;41mX[0;5;37;43m8[0;5;1;33;41m@8[0;5;37;43m8[0;5;1;33;41m@[0;5;1;31;43m8[0;5;37;43m88[0;5;37;47m8t.:;;;. .;t;. .[0m
[0;5;37;47m;t;: .:;t:. :;X[0;5;37;43m88[0;5;1;33;41m@88[0;5;37;43m8[0;5;1;33;41m8[0;1;33;47m8[0;5;1;33;41mX[0;5;1;31;43m8[0;1;33;47m8[0;5;1;33;41m8[0;5;37;43m@[0;5;1;33;41m8[0;5;37;43m8[0;5;1;33;41m8[0;5;37;43m8[0;5;1;33;41m8[0;1;33;47m8[0;5;1;33;41mX88[0;5;37;43m8[0;5;1;33;41m@8[0;5;37;43m8[0;5;1;33;41mX8[0;5;1;31;43m8[0;5;37;43m8[0;1;37;47m;[0;5;37;47mt;. .;t;. .;t;[0m
[0;5;37;47m;;t.. :t;:...S[0;5;37;43m8[0;5;1;31;43m8[0;5;37;41m8[0;5;37;43m@[0;5;1;33;41m8[0;1;33;47m8[0;5;1;33;41mX[0;5;1;31;43m8[0;5;1;33;41m8[0;5;37;43m8[0;5;1;33;41mX8[0;5;1;31;43m8[0;5;1;33;41m888[0;5;37;43m8[0;5;1;33;41mX88[0;5;37;43m8[0;5;1;33;41m8[0;5;37;43m8[0;5;1;33;41mS[0;5;37;43m8[0;5;1;33;41m@8[0;5;37;43m8[0;5;1;33;41m8[0;5;37;43m8[0;5;1;33;41m8[0;5;37;43m8[0;5;37;47m8%...;;;...;;;[0m
[0;5;37;47m   ;tt:  :t;t[0;1;33;47m@[0;5;37;43m8[0;5;1;31;43m88[0;5;1;33;41m8[0;5;37;43m8[0;5;1;33;41mX[0;5;1;31;43m8[0;1;33;47m8[0;5;1;33;41mX8[0;5;37;43m8[0;5;1;33;41m8[0;1;33;47m@[0;5;1;33;41m8[0;1;33;47m@[0;5;1;33;41m88[0;5;37;43m8[0;5;1;33;41m8[0;5;37;43m8[0;5;1;33;41mX88[0;5;1;31;43m8[0;5;37;41m8[0;5;1;31;43m@[0;5;1;33;41m8[0;5;37;41m8[0;5;1;31;43m8[0;5;1;33;41m8[0;5;1;31;43m8[0;5;37;43m8[0;5;1;31;43m8[0;5;37;47m@tt;  .;t;.  [0m
[0;5;37;47m::::::::::::8[0;5;37;43m@[0;5;1;33;41m8[0;1;33;47m@[0;5;1;33;41m8[0;5;1;31;43m8[0;5;37;41m8[0;5;1;31;43m8[0;5;1;33;41m88[0;5;37;43m8[0;5;1;33;41m@8[0;1;33;47m8[0;5;1;33;41mX[0;5;1;31;43m8[0;5;1;33;41m8[0;5;37;43m8[0;5;1;33;41m@8[0;1;31;47m8[0;5;1;33;41m8[0;5;37;43m8[0;5;1;33;41m8[0;1;33;47m@[0;5;1;33;41m8[0;5;37;43m8[0;5;1;33;41m8[0;5;37;43m8[0;5;1;33;41m8[0;5;37;43m8[0;5;1;33;41m8[0;5;37;41m8[0;5;1;31;43m@[0;5;1;37;43m8[0;1;33;47mS[0;5;37;47mt::::.;:::::[0m
[0;5;37;47mt;t. .:;t:. [0;1;37;47mX[0;5;37;43m@[0;5;1;33;41m8[0;5;1;31;43m8[0;1;33;47m@[0;5;1;33;41m8[0;5;1;31;43m8[0;5;37;43m8[0;5;1;33;41m8[0;1;33;47m8[0;5;1;33;41mX[0;5;37;43m8[0;5;1;33;41m@8[0;5;37;43m8[0;5;1;33;41m@[0;5;1;31;43m8[0;5;37;41m8[0;5;37;43m8[0;5;1;33;41m8[0;5;1;31;43m@8[0;5;1;33;41m8[0;5;1;31;43m8[0;5;1;33;41m8[0;5;1;31;43m8[0;5;1;33;41m8[0;5;37;43m8[0;5;1;33;41mX[0;5;1;31;43m8[0;5;1;33;41m8[0;5;37;43m8[0;5;1;33;41m8[0;5;1;31;43m8[0;1;33;47mS[0;5;1;31;43m8[0;5;37;47m  .;;;  .;t;[0m
[0;5;37;47m:::::::::::;[0;5;37;43m88[0;5;1;33;41m888[0;5;37;43m8[0;5;1;33;41m@8[0;5;37;43m8[0;5;1;33;41mS88[0;5;37;43m8[0;5;1;33;41m@8[0;1;33;47m@[0;5;1;33;41m8[0;5;1;31;43m8[0;5;1;33;41m8[0;5;37;43m8[0;5;1;33;41m8[0;1;33;47m8[0;5;1;33;41m8[0;1;33;47m@[0;5;1;33;41m8[0;1;33;47m@[0;5;1;33;41m@8[0;5;37;43m8[0;5;1;33;41m@[0;1;33;47m8[0;5;1;33;41mX[0;5;37;43m8[0;5;1;33;41mX[0;5;37;43m8[0;1;33;47m%[0;5;37;47m8;:.:.:;::::[0m
[0;5;37;47m   ;tt:  :;t[0;1;37;47m [0;5;37;43m8[0;5;1;31;43m8[0;1;33;47mX[0;5;1;33;41m88[0;1;33;47m@[0;5;1;33;41m@8[0;5;37;43m8[0;5;1;33;41m8[0;5;37;43m8[0;5;1;33;41mS[0;5;37;43m8[0;5;1;33;41m@8[0;5;37;43m8[0;5;1;33;41m8[0;5;1;31;43m8[0;5;37;41m8[0;5;1;31;43m8[0;5;1;33;41m888[0;5;37;43m8[0;5;1;33;41mX[0;5;1;31;43m8[0;5;37;41m8[0;5;1;31;43m8[0;5;1;33;41m88[0;5;1;31;43m8[0;5;1;33;41m8[0;5;1;31;43m8[0;5;37;43m8[0;5;1;31;43m8[0;5;37;47mt;:   ;;t.  [0m
[0;5;37;47m;;;: .:;;: :[0;5;1;33;47m8[0;5;1;31;43m8[0;1;33;47mX[0;5;1;33;41mX[0;5;1;31;43m88[0;5;1;33;41m8[0;5;37;43m8[0;5;1;33;41m@8[0;5;37;43m8[0;5;1;33;41mS88[0;5;37;43m8[0;5;1;33;41m@8[0;1;33;47m@[0;5;1;33;41m8[0;5;1;31;43m8[0;5;37;43m8[0;5;1;33;41m8[0;1;33;47m@[0;5;1;33;41m88[0;5;37;43m8[0;5;1;33;41m8[0;5;37;43m8[0;5;1;33;41m8[0;5;37;43m8[0;5;1;33;41m8[0;1;33;47m@[0;5;1;33;41m8[0;5;37;41m8[0;5;37;43m8[0;5;1;33;47m8[0;5;37;47m8..;;;. .;;t[0m
[0;5;37;47m;tt.. :tt; :8[0;5;37;43m8[0;5;1;33;41m8[0;5;37;43m8[0;5;1;33;41m@[0;1;33;47mX[0;5;1;33;41m@8[0;1;33;47m8[0;5;1;33;41m@8[0;5;37;43m8[0;5;1;33;41m8[0;1;33;47m8[0;5;1;33;41mX[0;5;37;43m8[0;5;1;33;41m@8[0;5;37;43m8[0;5;1;33;41m@8[0;5;37;43m8[0;5;1;33;41mX[0;5;1;31;43m8[0;5;37;41m8[0;5;1;31;43m8[0;5;1;33;41m88[0;5;37;43m8[0;5;1;33;41mS[0;5;1;31;43m8[0;5;1;33;41m8[0;5;37;43m8[0;5;1;33;41m8[0;5;37;43m8[0;1;35;47mS[0;5;37;47mt:.;;;   ;t;[0m
[0;5;37;47m  .:tt:  :;t@[0;5;37;43m8[0;1;37;47m [0;5;1;33;41m8[0;5;1;31;43m8[0;5;1;33;41m8[0;5;37;43m8[0;5;1;33;41m@8[0;5;37;43m8[0;5;1;33;41m@8[0;5;37;43m8[0;5;1;33;41mS88[0;5;37;43m8[0;5;1;33;41m@8[0;1;33;47m@[0;5;1;33;41m@8[0;5;37;43m8[0;5;1;33;41m8[0;5;37;43m8[0;5;1;33;41m8[0;5;37;43m8[0;5;1;33;41m@8[0;1;33;47m@[0;5;1;33;41m888[0;5;37;47m8[0;5;1;31;43m8[0;5;37;47m8tt;.  t;t. .[0m
[0;5;37;47m...;:;:..:;; 8[0;5;1;31;43mX[0;5;1;33;47m8[0;5;1;33;41m@[0;5;1;31;43m8[0;5;1;33;41m8[0;1;33;47m@[0;5;1;33;41m@8[0;5;37;43m8[0;5;1;33;41m@8[0;5;37;43m8[0;5;1;33;41m8[0;5;37;43m8[0;5;1;33;41mX[0;5;37;43m8[0;5;1;33;41m@8[0;5;37;43m8[0;5;1;33;41m@8[0;5;1;31;43m8[0;5;1;33;41m8[0;5;1;31;43m8[0;5;37;41m8[0;5;37;43m8[0;5;1;33;41m@8[0;5;37;43m8[0;5;1;33;41m8[0;5;37;43m8[0;5;1;31;43m8[0;5;37;47m8S:;;...::::..[0m
[0;5;37;47mt;t.  :tt:  ; 8[0;5;1;31;43m8[0;5;37;47m8[0;5;1;33;41m8[0;5;1;31;43m8[0;5;1;33;41m8[0;5;37;43m8[0;5;1;33;41m@8[0;1;33;47m@[0;5;1;33;41m@8[0;5;1;31;43m8[0;5;37;41m8[0;5;1;31;43m8[0;5;1;33;41m8[0;5;37;43m8[0;5;1;33;41m@8[0;5;37;43m8[0;5;1;33;41m8[0;1;33;47mX[0;5;1;33;41m8[0;5;37;43m8[0;5;1;33;41m88[0;5;37;43m8[0;5;1;33;41m@8[0;1;33;47mS[0;5;1;31;43m8[0;5;37;47m88;. .%;;.  ;tt[0m
[0;5;37;47m:::::::::::::;.8[0;5;1;31;43m@[0;5;37;43m8[0;1;33;47m@[0;5;1;33;41m@8[0;5;37;43m8[0;5;1;33;41m@8[0;5;37;43m8[0;5;1;33;41m8[0;5;37;43m8[0;5;1;33;41m8[0;5;37;43m8[0;5;1;33;41mX8[0;5;37;43m8[0;5;1;33;41m@888[0;5;37;43m8[0;5;1;33;41mS[0;5;1;31;43m8[0;5;1;33;41m88[0;1;33;47m@[0;5;1;31;43m8[0;5;37;47m8[0;5;1;37;43m8[0;5;37;47m8S::::;::.:.:::[0m
[0;5;37;47m  .:t;:. :;;; :.t8[0;5;1;31;43m8[0;5;37;43m8[0;5;1;33;41m88[0;1;33;47m@[0;5;1;33;41m88[0;5;37;41m8[0;5;1;31;43m8[0;5;1;33;41m88[0;5;37;43m8[0;5;1;33;41m@8[0;1;33;47m@[0;5;1;33;41m8[0;1;33;47m@[0;5;1;33;41m88[0;5;37;43m8[0;5;1;33;41m8[0;1;33;47mS[0;5;1;31;43m8[0;1;37;47m [0;5;37;43m8[0;5;37;47m88:::t;; . ;;;.  [0m
[0;5;37;47m;;;:.::;;:.:.;::%%S8[0;5;37;43m88[0;5;1;33;41m8[0;5;37;43m8[0;5;1;33;41m8[0;5;37;43m8[0;5;1;33;41m8[0;5;37;43m8[0;5;1;33;41m@8[0;1;33;47m@[0;5;1;33;41m88[0;5;1;31;43m8[0;5;1;33;41m8[0;5;37;43m8[0;5;1;33;41m@[0;1;33;47m@[0;5;1;31;43m8[0;1;37;47m [0;5;1;37;43m@[0;5;37;47m888::;;.:.;::...:;;[0m
[0;5;37;47mt;t.  :t;;  .;;;. tXS8[0;5;1;33;47m8[0;5;1;33;41m8[0;5;37;47m8[0;5;1;31;43m8[0;5;37;43m8[0;5;1;33;41m8[0;1;37;47m [0;5;1;31;43m88[0;1;33;47mX[0;5;1;31;43m8[0;1;37;47m [0;5;1;31;43m8[0;1;37;47m [0;5;1;31;43m@[0;5;37;47m8[0;5;1;37;43m8[0;5;37;47m888:.:;;:. .;;;.  ;tt[0m
[0;5;37;47m.. ;;;:...;;:...;;;.:t ;888[0;5;1;33;47m8[0;5;37;43m8[0;5;37;47m8[0;5;37;43m8[0;5;37;47m8[0;5;1;37;43m8[0;5;37;47m8[0;5;1;33;47m8[0;5;37;47m888;%;:;;:...;;;...:;;. .[0m
